Rede com 205 nós e 216 arestas.
Sendo:
 3 fontes
 15 chaves
 205 vertices totais
 219 arestas totais

Algoritmo Genético:
 Tamanho população = 30
 Tipo seleção pais = Torneio
 Tipo cruzamento = 2 Pontos
 Tipo mutação = Mutação Estática
 Taxa mutação = 0.1
 Seleção nova população = Substituição sem eletismo
 Busca local = Não

Execução:
[Gera. 0] (Fit. 338746379.217916)
[Gera. 1531] (Fit. 326274862.876245)
[Gera. 1540] (Fit. 326274862.876245)
[Gera. 1565] (Fit. 326274862.876245)
[Gera. 1604] (Fit. 326196640.679321)
[Gera. 1611] (Fit. 326196640.679321)
[Gera. 1668] (Fit. 325377325.832423)
[Gera. 1672] (Fit. 325377325.832423)
[Gera. 1728] (Fit. 325293840.876211)
[Gera. 1733] (Fit. 325293840.876211)
[Gera. 1954] (Fit. 325293840.876211)
[Gera. 2002] (Fit. 325293840.876211)
[Gera. 2287] (Fit. 325293840.876211)
[Gera. 2790] (Fit. 325293840.876211)
[Gera. 2811] (Fit. 325293840.876211)
[Gera. 2817] (Fit. 325293840.876210)

Resultado:
 Fit. 325293840.876210 Arestas: [0, 1, 2, 3, 4, 5, 6, 7, 8, 9, 10, 11, 12, 13, 14, 15, 16, 17, 18, 19, 20, 21, 22, 23, 24, 25, 26, 27, 29, 30, 31, 32, 33, 34, 35, 36, 37, 38, 39, 40, 41, 42, 43, 44, 45, 46, 47, 48, 49, 50, 51, 52, 53, 54, 55, 56, 57, 58, 59, 60, 61, 63, 64, 65, 66, 67, 68, 69, 70, 71, 72, 73, 74, 75, 76, 77, 78, 79, 80, 81, 82, 83, 84, 85, 86, 87, 88, 90, 91, 92, 93, 94, 95, 96, 97, 98, 99, 100, 101, 102, 103, 104, 106, 107, 108, 109, 110, 111, 112, 114, 115, 116, 117, 118, 119, 120, 121, 122, 123, 124, 125, 126, 127, 128, 129, 131, 132, 133, 135, 137, 138, 140, 141, 142, 143, 144, 145, 146, 147, 148, 149, 150, 151, 152, 153, 154, 155, 156, 157, 158, 159, 160, 161, 162, 163, 164, 165, 166, 168, 169, 170, 171, 172, 173, 174, 175, 177, 178, 179, 180, 181, 182, 183, 184, 185, 186, 187, 188, 189, 190, 191, 192, 193, 194, 195, 197, 198, 199, 200, 202, 203, 204, 205, 206, 208, 209, 210, 211, 212, 213, 215]
