Rede com 205 nós e 216 arestas.
Sendo:
 3 fontes
 15 chaves
 205 vertices totais
 219 arestas totais

Algoritmo Genético:
 Tamanho população = 30
 Tipo seleção pais = Roleta
 Tipo cruzamento = 2 Pontos
 Tipo mutação = Mutação Estática
 Taxa mutação = 0.1
 Seleção nova população = Substituição sem eletismo
 Busca local = Não

Execução:
[Gera. 0] (Fit. 389559362.019971)
[Gera. 1] (Fit. 291874876.987765)
[Gera. 5234] (Fit. 277781576.659414)
[Gera. 5500] (Fit. 274315511.925955)
[Gera. 5802] (Fit. 274315511.925955)
[Gera. 5916] (Fit. 274315511.925954)
[Gera. 5917] (Fit. 270637683.556486)
[Gera. 5928] (Fit. 269777616.745542)
[Gera. 5931] (Fit. 263324463.483347)
[Gera. 6161] (Fit. 262894490.529582)
[Gera. 6249] (Fit. 259415776.012938)
[Gera. 6391] (Fit. 258591232.917776)
[Gera. 8012] (Fit. 252489059.732928)
[Gera. 8692] (Fit. 220101387.962830)
[Gera. 10331] (Fit. 205695233.184233)
[Gera. 12081] (Fit. 184509887.639038)

Resultado:
 Fit. 184509887.639038 Arestas: [0, 1, 2, 3, 4, 5, 6, 7, 8, 9, 10, 11, 12, 13, 14, 15, 16, 17, 18, 19, 20, 21, 22, 23, 24, 25, 26, 27, 28, 29, 30, 31, 32, 33, 34, 35, 36, 37, 38, 39, 40, 41, 42, 43, 44, 45, 46, 47, 48, 49, 50, 51, 52, 53, 54, 55, 56, 57, 58, 59, 60, 61, 62, 63, 64, 65, 66, 67, 68, 69, 70, 71, 72, 73, 74, 75, 76, 77, 78, 79, 80, 81, 82, 83, 84, 85, 86, 87, 88, 89, 90, 91, 92, 93, 94, 95, 96, 97, 98, 99, 100, 101, 102, 103, 104, 105, 106, 107, 108, 109, 110, 111, 112, 113, 114, 115, 116, 117, 118, 119, 120, 121, 122, 123, 124, 125, 126, 127, 128, 129, 130, 131, 132, 133, 134, 135, 136, 137, 138, 139, 140, 141, 142, 143, 144, 145, 146, 147, 148, 149, 150, 151, 152, 153, 154, 155, 156, 157, 158, 159, 160, 161, 162, 163, 164, 165, 166, 167, 168, 169, 170, 171, 172, 173, 174, 175, 176, 177, 178, 179, 180, 181, 182, 183, 184, 185, 186, 187, 188, 189, 190, 191, 192, 193, 194, 195, 196, 197, 198, 199, 200]
