Rede com 205 nós e 216 arestas.
Sendo:
 3 fontes
 15 chaves
 205 vertices totais
 219 arestas totais

Algoritmo Genético:
 Tamanho população = 30
 Tipo seleção pais = Torneio
 Tipo cruzamento = Uniforme
 Tipo mutação = Mutação Estática
 Taxa mutação = 0.1
 Seleção nova população = Substituição sem eletismo
 Busca local = Não

Execução:
[Gera. 0] (Fit. 351895444.332303)
[Gera. 1] (Fit. 305764959.855909)
[Gera. 3] (Fit. 286805351.156208)
[Gera. 1946] (Fit. 284990974.163085)
[Gera. 1947] (Fit. 284990974.163085)
[Gera. 2013] (Fit. 284990974.163085)
[Gera. 2135] (Fit. 284990974.163085)
[Gera. 2611] (Fit. 284990974.163085)
[Gera. 3323] (Fit. 276169529.723892)
[Gera. 3364] (Fit. 276169529.723891)
[Gera. 3426] (Fit. 276169529.723891)
[Gera. 52052] (Fit. 276149544.958200)
[Gera. 54403] (Fit. 272892378.014261)
[Gera. 183333] (Fit. 269651568.912740)
[Gera. 338807] (Fit. 269597534.849940)
[Gera. 338861] (Fit. 267486268.377355)
[Gera. 338885] (Fit. 267251964.477108)

Resultado:
 Fit. 267251964.477108 Arestas: [0, 1, 2, 3, 4, 5, 6, 7, 8, 9, 10, 12, 13, 14, 15, 16, 17, 18, 19, 20, 21, 22, 23, 24, 25, 26, 28, 29, 30, 31, 32, 33, 34, 35, 36, 37, 38, 39, 40, 41, 43, 44, 45, 46, 47, 48, 49, 50, 51, 52, 53, 54, 55, 56, 57, 58, 59, 60, 61, 62, 63, 64, 65, 66, 67, 68, 69, 71, 72, 73, 74, 75, 76, 77, 78, 79, 80, 81, 82, 83, 84, 85, 86, 87, 89, 90, 91, 92, 93, 94, 95, 96, 97, 98, 99, 100, 101, 102, 103, 104, 105, 106, 107, 108, 109, 110, 112, 114, 115, 116, 117, 118, 119, 120, 121, 123, 124, 125, 126, 127, 128, 129, 131, 132, 133, 134, 135, 137, 138, 139, 140, 141, 142, 143, 144, 145, 146, 147, 148, 149, 150, 151, 152, 153, 154, 155, 156, 157, 158, 159, 160, 161, 162, 163, 164, 165, 166, 167, 168, 169, 170, 171, 172, 173, 174, 175, 176, 177, 178, 179, 180, 181, 182, 183, 184, 185, 186, 187, 188, 189, 190, 191, 192, 193, 194, 195, 196, 197, 200, 202, 203, 204, 205, 206, 208, 209, 211, 212, 213, 214, 215]
