Rede com 205 nós e 216 arestas.
Sendo:
 3 fontes
 15 chaves
 205 vertices totais
 219 arestas totais

Algoritmo Genético:
 Tamanho população = 30
 Tipo seleção pais = Torneio
 Tipo cruzamento = 2 Pontos
 Tipo mutação = Mutação Estática
 Taxa mutação = 0.2
 Seleção nova população = Substituição sem eletismo
 Busca local = Não

Execução:
[Gera. 0] (Fit. 368419681.998650)
[Gera. 1] (Fit. 333239792.875163)
[Gera. 2] (Fit. 320444979.946897)
[Gera. 5] (Fit. 320444979.946896)
[Gera. 8] (Fit. 320444979.946896)
[Gera. 12] (Fit. 320051768.487136)
[Gera. 18] (Fit. 292417638.070008)
[Gera. 19] (Fit. 292024426.610247)
[Gera. 20] (Fit. 292024426.610247)
[Gera. 21] (Fit. 289088037.591063)
[Gera. 41] (Fit. 281508647.246914)
[Gera. 48] (Fit. 275062534.562578)
[Gera. 52] (Fit. 275062534.562578)
[Gera. 54] (Fit. 275062534.562578)
[Gera. 72] (Fit. 267082216.119925)
[Gera. 84] (Fit. 267082216.119925)
[Gera. 105] (Fit. 261604110.897064)
[Gera. 108] (Fit. 261604110.897064)
[Gera. 123] (Fit. 236558052.121962)
[Gera. 128] (Fit. 236558052.121962)
[Gera. 156] (Fit. 236478665.708969)
[Gera. 180] (Fit. 236478665.708969)
[Gera. 236] (Fit. 236478665.708969)
[Gera. 289] (Fit. 236478665.708969)
[Gera. 544] (Fit. 236478665.708969)
[Gera. 772] (Fit. 236478665.708969)
[Gera. 932] (Fit. 236478665.708969)
[Gera. 2568] (Fit. 236478665.708969)
[Gera. 58126] (Fit. 191552605.182492)

Resultado:
 Fit. 191552605.182492 Arestas: [0, 1, 2, 3, 4, 5, 6, 7, 8, 9, 10, 12, 13, 14, 15, 16, 17, 18, 19, 20, 21, 22, 23, 24, 25, 26, 27, 29, 30, 31, 32, 33, 34, 35, 36, 37, 38, 39, 40, 41, 42, 44, 45, 46, 47, 48, 49, 50, 51, 52, 53, 54, 55, 56, 57, 58, 59, 60, 61, 62, 63, 64, 66, 67, 68, 69, 70, 71, 72, 73, 74, 75, 77, 78, 79, 80, 81, 83, 84, 85, 86, 87, 88, 89, 90, 91, 92, 93, 94, 95, 96, 97, 98, 99, 100, 101, 102, 103, 104, 105, 106, 107, 108, 109, 110, 112, 113, 114, 115, 117, 118, 119, 121, 122, 123, 124, 125, 126, 127, 128, 130, 131, 132, 133, 135, 136, 137, 138, 139, 140, 141, 142, 143, 144, 145, 146, 147, 148, 149, 150, 151, 152, 153, 154, 155, 156, 157, 158, 159, 160, 161, 162, 163, 164, 165, 166, 167, 168, 169, 170, 171, 172, 173, 174, 175, 176, 177, 178, 179, 180, 181, 182, 183, 184, 185, 186, 187, 188, 189, 190, 191, 192, 193, 194, 195, 196, 197, 198, 199, 200, 202, 203, 204, 205, 206, 208, 209, 211, 213, 214, 215]
