Rede com 881 nós e 900 arestas.
Sendo:
 7 fontes
 27 chaves
 881 vertices totais
 907 arestas totais

Algoritmo Genético:
 Tamanho população = 50
 Tipo seleção pais = Torneio
 Tipo cruzamento = 2 Pontos
 Tipo mutação = Mutação Adaptativa
 Taxa mutação = 0.1
 Seleção nova população = Substituição sem eletismo
 Busca local = Não

Execução:
[Gera. 0] (Fit. 40131750789.020744)
[Gera. 1] (Fit. 29079693718.882200)
[Gera. 3] (Fit. 28682233846.707115)
[Gera. 10] (Fit. 27695384783.867780)
[Gera. 14] (Fit. 27695384783.867775)
[Gera. 15] (Fit. 22957819128.364710)
[Gera. 17] (Fit. 22957819128.364704)
[Gera. 26] (Fit. 22480157997.353256)
[Gera. 28] (Fit. 22235342416.138050)
[Gera. 30] (Fit. 20910957472.496468)
[Gera. 34] (Fit. 20671119036.933250)
[Gera. 39] (Fit. 20671119036.933240)
[Gera. 40] (Fit. 19995566213.115913)
[Gera. 42] (Fit. 19995566213.115910)
[Gera. 45] (Fit. 19995566213.115906)
[Gera. 55] (Fit. 19977356329.554924)
[Gera. 58] (Fit. 19977356329.554920)
[Gera. 62] (Fit. 19977356329.554916)
[Gera. 66] (Fit. 19977356329.554913)
[Gera. 85] (Fit. 19977356329.554910)
[Gera. 102] (Fit. 19977356329.554905)
[Gera. 103] (Fit. 19836042636.262836)
[Gera. 104] (Fit. 19836042636.262833)
[Gera. 108] (Fit. 19661210712.228405)
[Gera. 109] (Fit. 19661210712.228397)
[Gera. 116] (Fit. 19661210712.228394)
[Gera. 127] (Fit. 19661210712.228380)
[Gera. 133] (Fit. 17760756159.909294)
[Gera. 134] (Fit. 17760756159.909290)
[Gera. 144] (Fit. 17760756159.909286)
[Gera. 157] (Fit. 17760756159.909283)
[Gera. 165] (Fit. 17760756159.909280)
[Gera. 177] (Fit. 17760756159.909275)
[Gera. 195] (Fit. 17304838306.653236)
[Gera. 196] (Fit. 17304838306.653233)
[Gera. 200] (Fit. 17172793407.879534)
[Gera. 202] (Fit. 16657024523.215029)
[Gera. 210] (Fit. 16657024523.215027)
[Gera. 216] (Fit. 16657024523.215025)
[Gera. 224] (Fit. 16657024523.215023)
[Gera. 229] (Fit. 16654274762.971281)
[Gera. 230] (Fit. 16654274762.971280)
[Gera. 235] (Fit. 16654274762.971277)
[Gera. 239] (Fit. 16616897856.076977)
[Gera. 257] (Fit. 16616897856.076971)
[Gera. 260] (Fit. 16616897856.076970)
[Gera. 264] (Fit. 16616897856.076967)
[Gera. 273] (Fit. 16616897856.076965)
[Gera. 277] (Fit. 16616897856.076963)
[Gera. 284] (Fit. 16616897856.076962)
[Gera. 294] (Fit. 16616897856.076960)
[Gera. 299] (Fit. 16616897856.076958)
[Gera. 309] (Fit. 16616897856.076956)
[Gera. 314] (Fit. 16616897856.076954)
[Gera. 319] (Fit. 16616897856.076952)
[Gera. 326] (Fit. 16616897856.076950)
[Gera. 337] (Fit. 16616897856.076948)
[Gera. 341] (Fit. 16616897856.076946)
[Gera. 357] (Fit. 16616897856.076944)
[Gera. 363] (Fit. 16616897856.076942)
[Gera. 371] (Fit. 16616897856.076940)
[Gera. 376] (Fit. 16616897856.076939)
[Gera. 391] (Fit. 16616897856.076937)
[Gera. 399] (Fit. 16616897856.076935)
[Gera. 414] (Fit. 16616897856.076933)
[Gera. 426] (Fit. 16616897856.076931)
[Gera. 435] (Fit. 16616897856.076930)
[Gera. 442] (Fit. 16604389856.481289)
[Gera. 453] (Fit. 16604389856.481287)
[Gera. 461] (Fit. 16604389856.481285)
[Gera. 477] (Fit. 16604389856.481283)
[Gera. 489] (Fit. 16604389856.481281)
[Gera. 495] (Fit. 16604389856.481280)
[Gera. 511] (Fit. 16604389856.481277)
[Gera. 519] (Fit. 16604389856.481276)
[Gera. 525] (Fit. 16604389856.481274)
[Gera. 534] (Fit. 16604389856.481272)
[Gera. 538] (Fit. 16596306663.889074)
[Gera. 51253] (Fit. 16548276261.179861)
[Gera. 52528] (Fit. 16402332184.426563)
[Gera. 52536] (Fit. 16402332184.426561)
[Gera. 52557] (Fit. 16402332184.426560)
[Gera. 52576] (Fit. 16371735739.135010)
[Gera. 52637] (Fit. 16371735739.135008)
[Gera. 52643] (Fit. 16297870852.757680)
[Gera. 52647] (Fit. 16297870852.757677)
[Gera. 52653] (Fit. 16297870852.757675)
[Gera. 53925] (Fit. 16288335698.986385)
[Gera. 53965] (Fit. 16288335698.986383)
[Gera. 54098] (Fit. 16288335698.986382)
[Gera. 58758] (Fit. 16154305419.870422)
[Gera. 58777] (Fit. 16154305419.870420)
[Gera. 58797] (Fit. 16154305419.870419)
[Gera. 111541] (Fit. 15998265272.958487)

Resultado:
 Fit. 15998265272.958487 Arestas: [0, 1, 2, 3, 4, 5, 6, 7, 8, 9, 10, 11, 12, 13, 14, 15, 16, 17, 18, 19, 20, 21, 22, 23, 24, 25, 26, 27, 28, 29, 30, 31, 32, 33, 34, 35, 36, 37, 38, 39, 40, 41, 42, 43, 44, 45, 46, 47, 48, 49, 50, 51, 52, 53, 54, 55, 56, 57, 58, 59, 60, 61, 62, 63, 64, 65, 66, 67, 68, 69, 70, 71, 72, 73, 74, 75, 76, 77, 78, 79, 80, 82, 84, 85, 86, 87, 88, 89, 90, 91, 92, 93, 94, 95, 96, 97, 98, 99, 100, 101, 102, 103, 104, 105, 106, 107, 108, 109, 110, 111, 112, 113, 114, 115, 116, 117, 118, 119, 120, 121, 122, 123, 124, 125, 126, 127, 128, 129, 130, 131, 132, 133, 134, 136, 137, 138, 139, 140, 141, 143, 144, 145, 146, 147, 148, 149, 150, 151, 152, 153, 154, 155, 157, 158, 159, 160, 161, 162, 163, 164, 165, 166, 167, 168, 169, 170, 171, 172, 173, 174, 175, 176, 177, 178, 179, 180, 181, 182, 183, 184, 185, 186, 187, 188, 189, 190, 192, 193, 194, 195, 196, 197, 198, 199, 200, 201, 202, 203, 204, 205, 206, 207, 208, 209, 210, 211, 212, 213, 214, 215, 216, 217, 218, 219, 220, 221, 222, 223, 224, 225, 226, 227, 228, 229, 230, 232, 233, 234, 235, 236, 237, 238, 239, 241, 242, 243, 244, 245, 246, 247, 248, 249, 250, 251, 252, 253, 254, 255, 256, 257, 258, 259, 260, 261, 262, 263, 264, 265, 266, 267, 268, 269, 270, 271, 272, 273, 274, 275, 276, 277, 278, 279, 280, 282, 283, 284, 285, 286, 287, 288, 289, 290, 291, 292, 293, 294, 295, 296, 297, 298, 299, 300, 301, 302, 303, 305, 306, 307, 309, 310, 311, 312, 313, 314, 315, 316, 317, 318, 319, 320, 321, 322, 323, 324, 325, 326, 327, 328, 329, 330, 331, 332, 334, 335, 336, 337, 338, 339, 340, 341, 342, 343, 344, 345, 346, 347, 348, 349, 350, 351, 352, 353, 354, 355, 356, 357, 358, 359, 360, 361, 362, 363, 364, 365, 366, 367, 368, 369, 370, 371, 372, 373, 374, 375, 376, 377, 378, 379, 380, 381, 382, 383, 384, 385, 386, 387, 388, 389, 390, 391, 392, 393, 394, 395, 396, 397, 398, 399, 400, 401, 402, 403, 404, 405, 406, 408, 409, 411, 412, 413, 414, 415, 416, 417, 418, 419, 420, 421, 422, 423, 424, 425, 426, 427, 428, 429, 430, 431, 432, 433, 434, 435, 436, 437, 438, 439, 440, 441, 442, 443, 444, 445, 447, 448, 449, 450, 451, 452, 453, 454, 455, 457, 458, 459, 460, 461, 462, 463, 464, 465, 466, 467, 468, 469, 470, 471, 472, 473, 474, 475, 476, 477, 478, 479, 480, 481, 482, 483, 484, 485, 486, 487, 488, 489, 490, 491, 492, 493, 494, 495, 496, 497, 498, 499, 500, 501, 502, 503, 504, 505, 506, 507, 508, 509, 510, 511, 512, 513, 514, 515, 516, 517, 518, 519, 520, 521, 522, 523, 524, 525, 526, 527, 528, 529, 530, 531, 532, 533, 534, 535, 536, 537, 538, 539, 540, 541, 542, 543, 544, 545, 546, 547, 548, 549, 550, 551, 552, 553, 554, 555, 556, 557, 558, 559, 560, 561, 562, 563, 564, 565, 566, 567, 568, 569, 570, 571, 572, 574, 575, 576, 577, 578, 579, 580, 581, 582, 583, 584, 585, 586, 587, 588, 589, 590, 591, 592, 593, 594, 595, 596, 597, 598, 599, 600, 601, 602, 603, 604, 605, 606, 607, 608, 609, 610, 611, 612, 613, 615, 616, 617, 618, 619, 620, 621, 622, 623, 624, 625, 626, 627, 628, 629, 631, 632, 633, 634, 635, 636, 637, 639, 640, 641, 642, 643, 644, 645, 646, 647, 648, 649, 650, 651, 652, 653, 654, 655, 656, 657, 658, 659, 660, 661, 662, 663, 664, 665, 666, 667, 668, 669, 670, 671, 672, 673, 674, 675, 676, 677, 678, 679, 680, 681, 682, 683, 684, 685, 686, 687, 688, 689, 690, 691, 692, 693, 694, 695, 696, 698, 699, 700, 701, 702, 703, 704, 705, 706, 707, 708, 709, 710, 711, 712, 713, 714, 715, 716, 717, 718, 719, 720, 721, 722, 723, 724, 725, 726, 727, 728, 730, 731, 732, 733, 734, 735, 736, 737, 738, 739, 740, 741, 742, 743, 744, 745, 746, 747, 748, 749, 750, 751, 752, 753, 754, 755, 756, 757, 758, 759, 760, 761, 762, 763, 764, 765, 766, 767, 768, 769, 770, 771, 772, 773, 774, 775, 776, 777, 778, 779, 780, 781, 782, 783, 784, 785, 786, 787, 788, 789, 790, 791, 792, 793, 794, 795, 796, 797, 798, 799, 800, 801, 802, 803, 804, 805, 806, 807, 808, 809, 810, 811, 812, 813, 814, 815, 816, 817, 818, 819, 820, 821, 822, 823, 824, 825, 826, 827, 828, 829, 830, 831, 832, 833, 834, 835, 836, 837, 838, 839, 840, 841, 842, 844, 845, 846, 847, 848, 849, 850, 851, 852, 853, 854, 855, 856, 857, 858, 859, 860, 861, 862, 863, 864, 865, 866, 867, 868, 869, 870, 871, 872, 873, 874, 875, 876, 877, 878, 879, 880, 881, 882, 883, 884, 886, 887, 888, 889, 890, 893, 894, 895, 896, 897, 898]
