Rede com 881 nós e 900 arestas.
Sendo:
 7 fontes
 27 chaves
 881 vertices totais
 907 arestas totais

Algoritmo Genético:
 Tamanho população = 50
 Tipo seleção pais = Torneio
 Tipo cruzamento = 2 Pontos
 Tipo mutação = Mutação Estática
 Taxa mutação = 0.1
 Seleção nova população = Substituição sem eletismo
 Busca local = Não

Execução:
[Gera. 0] (Fit. 54358791374.438690)
[Gera. 1] (Fit. 38050174545.322820)
[Gera. 4] (Fit. 29818722336.369473)
[Gera. 16] (Fit. 29818722336.369470)
[Gera. 33] (Fit. 29818722336.369465)
[Gera. 36] (Fit. 29451665479.719906)
[Gera. 99] (Fit. 29447036044.728870)
[Gera. 101] (Fit. 29447036044.728867)
[Gera. 105] (Fit. 29447036044.728863)
[Gera. 110] (Fit. 29447036044.728860)
[Gera. 121] (Fit. 29447036044.728855)
[Gera. 123] (Fit. 29002344626.233920)
[Gera. 124] (Fit. 29002344626.233917)
[Gera. 178] (Fit. 29002344626.233913)
[Gera. 228] (Fit. 29002344626.233910)
[Gera. 237] (Fit. 29002344626.233906)
[Gera. 239] (Fit. 28347738670.881270)
[Gera. 250] (Fit. 28347738670.881268)
[Gera. 273] (Fit. 28347738670.881264)
[Gera. 294] (Fit. 27019086514.851080)
[Gera. 309] (Fit. 27019086514.851078)
[Gera. 462] (Fit. 27019086514.851074)
[Gera. 493] (Fit. 26733507439.510323)
[Gera. 496] (Fit. 26733507439.510320)
[Gera. 521] (Fit. 26733507439.510315)
[Gera. 540] (Fit. 26299165254.063805)
[Gera. 546] (Fit. 26299165254.063800)
[Gera. 560] (Fit. 26299165254.063797)
[Gera. 590] (Fit. 26299165254.063793)
[Gera. 592] (Fit. 26299165254.063790)
[Gera. 600] (Fit. 25546153654.220043)
[Gera. 609] (Fit. 25546153654.220040)
[Gera. 612] (Fit. 25542303108.947063)
[Gera. 630] (Fit. 25542303108.947060)
[Gera. 650] (Fit. 23701653174.650326)
[Gera. 667] (Fit. 23701653174.650322)
[Gera. 675] (Fit. 23701653174.650320)
[Gera. 678] (Fit. 23699972050.541850)
[Gera. 837] (Fit. 21382132087.979443)
[Gera. 967] (Fit. 21272261018.436275)
[Gera. 1308] (Fit. 21272261018.436253)
[Gera. 1318] (Fit. 21272261018.436250)
[Gera. 1365] (Fit. 21272261018.436245)
[Gera. 1406] (Fit. 21272261018.436240)
[Gera. 1454] (Fit. 21272261018.436237)
[Gera. 1455] (Fit. 21272261018.436234)
[Gera. 1500] (Fit. 21272261018.436230)
[Gera. 1501] (Fit. 21250002131.635260)
[Gera. 1503] (Fit. 21250002131.635258)
[Gera. 1516] (Fit. 21250002131.635254)
[Gera. 1559] (Fit. 21250002131.635250)
[Gera. 1564] (Fit. 21250002131.635246)
[Gera. 1569] (Fit. 21250002131.635242)
[Gera. 1584] (Fit. 21250002131.635240)
[Gera. 1640] (Fit. 21250002131.635235)
[Gera. 1698] (Fit. 21250002131.635230)
[Gera. 1787] (Fit. 21250002131.635227)
[Gera. 1871] (Fit. 21250002131.635223)
[Gera. 2032] (Fit. 21250002131.635220)
[Gera. 2046] (Fit. 21250002131.635216)
[Gera. 2209] (Fit. 21250002131.635212)
[Gera. 2302] (Fit. 21250002131.635210)
[Gera. 2335] (Fit. 21250002131.635204)
[Gera. 2624] (Fit. 21250002131.635200)
[Gera. 2771] (Fit. 21250002131.635197)
[Gera. 2824] (Fit. 21250002131.635193)
[Gera. 2930] (Fit. 21250002131.635190)
[Gera. 3155] (Fit. 21250002131.635185)
[Gera. 3308] (Fit. 21250002131.635180)
[Gera. 3352] (Fit. 21250002131.635178)
[Gera. 3843] (Fit. 21250002131.635174)
[Gera. 4128] (Fit. 21250002131.635170)
[Gera. 4280] (Fit. 21250002131.635166)
[Gera. 4395] (Fit. 21250002131.635162)
[Gera. 4516] (Fit. 21250002131.635160)
[Gera. 4610] (Fit. 21250002131.635155)
[Gera. 4768] (Fit. 20832673193.945385)
[Gera. 5089] (Fit. 20832673193.945377)
[Gera. 5638] (Fit. 20832673193.945374)
[Gera. 5664] (Fit. 20832673193.945370)
[Gera. 5708] (Fit. 20832673193.945366)
[Gera. 6409] (Fit. 20832673193.945362)
[Gera. 7590] (Fit. 20832673193.945360)
[Gera. 7807] (Fit. 20832673193.945354)
[Gera. 8778] (Fit. 20832673193.945350)
[Gera. 9390] (Fit. 20832673193.945347)
[Gera. 9682] (Fit. 20832673193.945343)
[Gera. 15206] (Fit. 20829438094.386616)
[Gera. 17870] (Fit. 20829438094.386612)
[Gera. 29980] (Fit. 20576500979.213943)
[Gera. 30006] (Fit. 20576500979.213940)
[Gera. 31135] (Fit. 20576500979.213936)

Resultado:
 Fit. 20576500979.213936 Arestas: [0, 1, 2, 3, 4, 5, 6, 7, 8, 9, 10, 11, 12, 13, 14, 15, 16, 17, 18, 19, 20, 21, 22, 23, 24, 25, 26, 27, 28, 29, 30, 31, 32, 33, 34, 35, 36, 37, 38, 39, 40, 41, 42, 43, 44, 45, 46, 47, 48, 49, 50, 51, 52, 53, 54, 55, 56, 57, 58, 59, 60, 61, 62, 63, 64, 65, 66, 67, 68, 69, 70, 71, 72, 74, 75, 76, 77, 78, 79, 80, 81, 82, 83, 84, 85, 86, 87, 88, 89, 90, 91, 92, 93, 94, 95, 96, 97, 98, 99, 100, 101, 102, 103, 104, 105, 106, 107, 108, 109, 110, 111, 112, 113, 114, 115, 116, 117, 118, 119, 120, 121, 123, 124, 125, 126, 127, 128, 129, 131, 132, 133, 134, 135, 136, 137, 138, 139, 140, 141, 142, 143, 144, 145, 146, 147, 148, 149, 150, 151, 152, 153, 154, 155, 156, 157, 158, 159, 160, 161, 162, 163, 164, 165, 166, 167, 168, 169, 170, 171, 172, 173, 174, 175, 176, 177, 178, 179, 180, 181, 182, 183, 184, 185, 186, 187, 188, 189, 190, 191, 192, 194, 195, 196, 197, 198, 199, 200, 201, 202, 203, 204, 205, 206, 207, 208, 209, 210, 211, 212, 213, 214, 215, 216, 217, 218, 220, 221, 222, 223, 224, 225, 226, 227, 228, 229, 230, 231, 232, 233, 234, 235, 236, 237, 238, 240, 241, 242, 243, 244, 245, 246, 247, 248, 249, 250, 251, 252, 253, 254, 255, 256, 257, 258, 259, 260, 261, 262, 263, 264, 265, 266, 267, 268, 269, 270, 271, 272, 273, 274, 275, 276, 277, 278, 279, 280, 281, 283, 285, 286, 287, 288, 289, 290, 291, 292, 293, 294, 295, 296, 297, 298, 299, 300, 301, 302, 303, 304, 305, 306, 307, 308, 309, 310, 311, 312, 313, 315, 316, 317, 319, 320, 321, 322, 323, 324, 325, 326, 327, 328, 329, 330, 331, 332, 333, 334, 335, 336, 337, 338, 339, 340, 341, 342, 343, 344, 345, 346, 347, 348, 349, 350, 351, 352, 353, 354, 355, 356, 357, 358, 359, 360, 361, 362, 363, 364, 365, 366, 367, 368, 369, 370, 371, 372, 373, 374, 375, 376, 377, 378, 379, 380, 381, 382, 383, 384, 385, 386, 387, 388, 389, 390, 391, 392, 393, 394, 395, 396, 397, 398, 399, 400, 402, 403, 404, 405, 406, 407, 408, 409, 410, 411, 412, 413, 415, 416, 417, 418, 419, 420, 421, 422, 423, 424, 425, 426, 427, 428, 429, 430, 431, 432, 433, 434, 435, 436, 437, 438, 439, 440, 441, 442, 443, 444, 445, 446, 448, 449, 450, 451, 452, 453, 455, 456, 457, 458, 459, 460, 461, 462, 463, 464, 465, 466, 467, 468, 469, 470, 471, 472, 473, 474, 475, 476, 477, 478, 479, 480, 481, 482, 483, 484, 485, 486, 487, 488, 489, 490, 491, 492, 494, 495, 496, 497, 498, 499, 500, 501, 502, 503, 504, 505, 506, 507, 508, 509, 510, 511, 512, 513, 514, 515, 516, 517, 518, 519, 520, 521, 522, 523, 524, 525, 526, 527, 528, 529, 530, 531, 532, 533, 534, 535, 536, 537, 538, 539, 540, 541, 542, 543, 544, 545, 546, 547, 548, 549, 550, 551, 552, 553, 554, 555, 557, 558, 559, 560, 561, 562, 563, 564, 565, 566, 567, 568, 569, 570, 571, 572, 573, 574, 575, 576, 577, 578, 579, 580, 581, 582, 583, 584, 585, 586, 587, 588, 590, 591, 592, 593, 594, 595, 596, 597, 598, 599, 600, 601, 602, 603, 604, 605, 606, 607, 608, 609, 610, 611, 612, 613, 614, 615, 616, 617, 618, 619, 620, 621, 622, 624, 625, 626, 627, 628, 629, 630, 631, 632, 633, 634, 636, 637, 638, 639, 640, 641, 642, 643, 644, 645, 646, 647, 648, 649, 650, 651, 652, 653, 654, 655, 656, 657, 658, 659, 660, 661, 662, 663, 664, 665, 666, 667, 668, 669, 670, 671, 672, 673, 674, 675, 676, 677, 678, 679, 680, 681, 682, 683, 684, 685, 686, 687, 688, 689, 690, 691, 692, 693, 694, 695, 696, 697, 698, 699, 700, 701, 702, 703, 704, 705, 706, 707, 708, 709, 710, 711, 712, 713, 714, 715, 716, 717, 718, 719, 720, 721, 722, 723, 724, 725, 726, 727, 728, 730, 731, 732, 733, 734, 735, 736, 737, 738, 739, 740, 741, 742, 743, 744, 745, 746, 747, 748, 749, 750, 751, 752, 753, 754, 755, 756, 757, 758, 759, 760, 761, 762, 763, 764, 765, 766, 767, 768, 769, 770, 771, 772, 773, 774, 775, 776, 777, 778, 779, 780, 781, 782, 783, 784, 785, 786, 787, 788, 789, 790, 791, 792, 793, 794, 795, 796, 797, 798, 799, 800, 801, 802, 803, 804, 805, 806, 807, 808, 809, 810, 812, 813, 814, 815, 816, 817, 818, 819, 820, 821, 822, 823, 824, 825, 826, 827, 828, 829, 830, 831, 832, 833, 834, 835, 836, 837, 838, 839, 840, 841, 842, 844, 845, 846, 847, 848, 849, 850, 851, 852, 853, 854, 855, 856, 857, 858, 859, 860, 861, 862, 863, 864, 865, 866, 867, 868, 869, 870, 871, 872, 873, 874, 875, 876, 877, 879, 880, 881, 882, 883, 884, 886, 887, 888, 889, 890, 891, 892, 893, 894, 895, 898]
