Rede com 881 nós e 900 arestas.
Sendo:
 7 fontes
 27 chaves
 881 vertices totais
 907 arestas totais

Algoritmo Genético:
 Tamanho população = 50
 Tipo seleção pais = Torneio
 Tipo cruzamento = 2 Pontos
 Tipo mutação = Mutação Estática
 Taxa mutação = 0.1
 Seleção nova população = Substituição com eletismo de 1
 Busca local = Não

Execução:
[Gera. 0] (Fit. 45166120371.435905)
[Gera. 1] (Fit. 32402824134.746227)
[Gera. 20] (Fit. 31386151225.362385)
[Gera. 22] (Fit. 31386151225.362373)
[Gera. 25] (Fit. 31386151225.362360)
[Gera. 31] (Fit. 31386151225.362354)
[Gera. 35] (Fit. 31386151225.362350)
[Gera. 62] (Fit. 31386151225.362347)
[Gera. 113] (Fit. 31386151225.362343)
[Gera. 142] (Fit. 31386151225.362340)
[Gera. 153] (Fit. 31386151225.362335)
[Gera. 185] (Fit. 31386151225.362330)
[Gera. 209] (Fit. 30258204471.323566)
[Gera. 230] (Fit. 30258204471.323563)
[Gera. 275] (Fit. 30258204471.323560)
[Gera. 371] (Fit. 30258204471.323555)
[Gera. 480] (Fit. 29675755051.482500)
[Gera. 517] (Fit. 29675755051.482490)
[Gera. 567] (Fit. 29675755051.482487)
[Gera. 579] (Fit. 29675755051.482483)
[Gera. 641] (Fit. 28817003285.244205)
[Gera. 701] (Fit. 28817003285.244200)
[Gera. 779] (Fit. 28817003285.244198)
[Gera. 888] (Fit. 28817003285.244194)
[Gera. 937] (Fit. 28817003285.244190)
[Gera. 1044] (Fit. 28817003285.244186)
[Gera. 1160] (Fit. 28817003285.244183)
[Gera. 1215] (Fit. 28730947905.571007)
[Gera. 1226] (Fit. 28730947905.571000)
[Gera. 1451] (Fit. 28730947905.570995)
[Gera. 1701] (Fit. 28730947905.570990)
[Gera. 1822] (Fit. 28730947905.570988)
[Gera. 1901] (Fit. 28730947905.570984)
[Gera. 1940] (Fit. 28730947905.570980)
[Gera. 1984] (Fit. 28730947905.570976)
[Gera. 2087] (Fit. 28730947905.570972)
[Gera. 2279] (Fit. 28730947905.570970)
[Gera. 2575] (Fit. 28730947905.570965)
[Gera. 2724] (Fit. 28730947905.570960)
[Gera. 3030] (Fit. 28730947905.570957)
[Gera. 3653] (Fit. 28730947905.570953)
[Gera. 3880] (Fit. 28730947905.570950)
[Gera. 3902] (Fit. 27877172303.423830)
[Gera. 3912] (Fit. 27877172303.423824)
[Gera. 3934] (Fit. 27877172303.423820)
[Gera. 3947] (Fit. 27592087968.144215)
[Gera. 3961] (Fit. 27592087968.144210)
[Gera. 4237] (Fit. 27592087968.144207)
[Gera. 4365] (Fit. 27592087968.144203)
[Gera. 4398] (Fit. 27464916408.420525)
[Gera. 4403] (Fit. 27464916408.420520)
[Gera. 4404] (Fit. 27464916408.420517)
[Gera. 4676] (Fit. 27464916408.420513)
[Gera. 4962] (Fit. 27464916408.420510)
[Gera. 5141] (Fit. 27464916408.420506)
[Gera. 5337] (Fit. 27464916408.420500)
[Gera. 5436] (Fit. 27464916408.420498)
[Gera. 5486] (Fit. 27464916408.420494)
[Gera. 5674] (Fit. 27464916408.420490)
[Gera. 5872] (Fit. 27464916408.420486)
[Gera. 7300] (Fit. 27464916408.420483)
[Gera. 7912] (Fit. 27464916408.420480)
[Gera. 8558] (Fit. 27464916408.420475)
[Gera. 8820] (Fit. 27464916408.420470)
[Gera. 12675] (Fit. 27464916408.420467)
[Gera. 12719] (Fit. 27464916408.420464)
[Gera. 13416] (Fit. 27464916408.420460)
[Gera. 17087] (Fit. 27464916408.420456)
[Gera. 28608] (Fit. 27464916408.420452)
[Gera. 28836] (Fit. 25558298490.036780)
[Gera. 29063] (Fit. 25558298490.036774)
[Gera. 29153] (Fit. 24637313586.344112)
[Gera. 29156] (Fit. 23888383471.162567)
[Gera. 29158] (Fit. 23888383471.162550)
[Gera. 29225] (Fit. 23888383471.162548)
[Gera. 29256] (Fit. 23888383471.162544)
[Gera. 29338] (Fit. 23888383471.162540)
[Gera. 29560] (Fit. 23888383471.162537)
[Gera. 39300] (Fit. 23888383471.162533)
[Gera. 39821] (Fit. 23888383471.162530)
[Gera. 40657] (Fit. 23888383471.162525)
[Gera. 43321] (Fit. 23888383471.162520)
[Gera. 52012] (Fit. 23888383471.162518)
[Gera. 67099] (Fit. 23888383471.162514)

Resultado:
 Fit. 23888383471.162514 Arestas: [0, 1, 2, 3, 4, 5, 6, 7, 8, 9, 10, 11, 12, 13, 14, 15, 16, 17, 18, 19, 20, 21, 22, 23, 24, 25, 26, 27, 28, 29, 30, 31, 32, 33, 34, 35, 36, 37, 38, 39, 40, 41, 42, 43, 44, 45, 46, 47, 48, 49, 50, 51, 52, 53, 54, 55, 56, 57, 58, 59, 60, 61, 62, 63, 64, 65, 66, 67, 68, 69, 70, 71, 72, 73, 74, 75, 76, 77, 78, 79, 80, 81, 82, 83, 84, 85, 86, 87, 88, 89, 90, 91, 92, 93, 94, 95, 96, 97, 98, 99, 100, 101, 102, 103, 104, 105, 106, 107, 108, 109, 110, 111, 112, 113, 114, 115, 116, 117, 118, 119, 120, 121, 122, 123, 124, 125, 127, 128, 129, 130, 131, 132, 133, 134, 135, 136, 137, 138, 139, 140, 141, 142, 143, 144, 145, 146, 147, 148, 149, 150, 151, 152, 153, 154, 155, 156, 157, 158, 159, 160, 161, 162, 163, 164, 165, 167, 168, 169, 170, 171, 172, 173, 174, 175, 176, 177, 178, 179, 180, 181, 183, 184, 185, 186, 187, 188, 189, 190, 191, 192, 193, 194, 195, 196, 197, 198, 199, 200, 201, 202, 203, 204, 205, 206, 207, 208, 209, 210, 211, 212, 213, 214, 215, 216, 217, 218, 220, 221, 222, 223, 224, 225, 226, 227, 228, 229, 230, 231, 232, 233, 234, 235, 236, 237, 238, 239, 240, 241, 242, 243, 244, 245, 246, 247, 248, 249, 250, 251, 252, 253, 254, 255, 256, 257, 258, 259, 260, 261, 262, 263, 264, 265, 266, 267, 268, 269, 270, 271, 272, 273, 274, 275, 276, 277, 278, 279, 280, 281, 283, 284, 285, 286, 287, 288, 289, 290, 291, 292, 293, 294, 295, 296, 297, 298, 299, 300, 301, 302, 303, 304, 305, 306, 307, 308, 309, 310, 311, 312, 313, 314, 315, 316, 317, 318, 319, 320, 321, 322, 323, 324, 325, 326, 327, 328, 329, 330, 331, 332, 334, 335, 336, 337, 338, 339, 340, 341, 342, 343, 344, 345, 346, 347, 348, 349, 350, 351, 352, 353, 354, 355, 356, 357, 358, 359, 360, 361, 362, 363, 364, 365, 366, 367, 368, 369, 370, 371, 372, 373, 374, 375, 376, 377, 378, 379, 380, 381, 382, 383, 384, 385, 386, 387, 388, 389, 390, 391, 392, 394, 395, 396, 397, 398, 400, 401, 402, 403, 404, 405, 406, 407, 408, 409, 410, 411, 412, 413, 415, 416, 417, 418, 419, 420, 421, 422, 423, 424, 425, 426, 427, 428, 429, 430, 431, 432, 433, 434, 435, 436, 437, 438, 439, 440, 441, 442, 443, 444, 445, 446, 447, 449, 450, 451, 452, 453, 454, 455, 456, 457, 458, 459, 460, 462, 463, 464, 465, 466, 467, 468, 469, 470, 471, 472, 473, 474, 475, 476, 477, 478, 479, 480, 481, 482, 483, 484, 485, 486, 487, 488, 489, 490, 491, 492, 493, 494, 495, 496, 497, 498, 499, 500, 501, 502, 503, 504, 505, 506, 507, 508, 509, 510, 511, 512, 513, 514, 515, 516, 517, 518, 519, 520, 521, 522, 523, 524, 525, 526, 527, 528, 529, 530, 531, 532, 533, 534, 535, 536, 537, 538, 539, 540, 541, 542, 543, 544, 545, 546, 547, 549, 550, 551, 552, 553, 554, 555, 556, 557, 558, 559, 560, 561, 562, 563, 564, 565, 566, 567, 568, 569, 570, 571, 572, 574, 575, 576, 577, 578, 579, 580, 581, 582, 584, 585, 586, 587, 588, 589, 590, 591, 592, 593, 595, 596, 597, 598, 599, 600, 601, 602, 603, 604, 605, 606, 607, 608, 609, 610, 611, 612, 613, 615, 616, 617, 618, 619, 620, 621, 622, 624, 625, 626, 627, 628, 629, 630, 631, 632, 633, 635, 636, 637, 638, 639, 640, 641, 642, 643, 644, 645, 646, 647, 648, 649, 650, 651, 652, 653, 654, 655, 656, 657, 658, 659, 660, 661, 662, 663, 664, 665, 666, 667, 668, 669, 670, 671, 672, 673, 674, 675, 676, 677, 678, 679, 680, 681, 682, 683, 684, 685, 686, 687, 688, 689, 690, 691, 692, 693, 694, 695, 696, 698, 699, 700, 701, 702, 703, 704, 705, 706, 707, 708, 709, 710, 711, 712, 713, 714, 715, 716, 717, 718, 719, 720, 721, 722, 723, 724, 725, 726, 727, 728, 729, 730, 731, 732, 733, 734, 735, 736, 737, 738, 739, 740, 741, 742, 743, 744, 745, 746, 747, 748, 749, 750, 751, 752, 753, 754, 755, 756, 757, 758, 759, 760, 761, 762, 763, 764, 765, 766, 767, 768, 769, 770, 771, 772, 773, 774, 775, 776, 777, 778, 779, 780, 781, 782, 783, 784, 785, 786, 787, 788, 789, 790, 791, 792, 793, 794, 795, 796, 797, 798, 799, 800, 801, 802, 803, 804, 805, 806, 807, 808, 809, 810, 811, 812, 813, 814, 815, 816, 817, 818, 819, 820, 821, 822, 823, 824, 825, 826, 827, 828, 829, 830, 831, 832, 833, 834, 835, 836, 838, 839, 840, 841, 842, 843, 844, 846, 847, 848, 849, 850, 851, 852, 853, 854, 855, 856, 857, 858, 859, 860, 861, 862, 863, 864, 865, 866, 867, 868, 869, 871, 872, 873, 874, 875, 877, 879, 880, 881, 882, 883, 885, 887, 888, 889, 890, 891, 892, 893, 894, 896, 897, 898, 899]
