Rede com 881 nós e 900 arestas.
Sendo:
 7 fontes
 27 chaves
 881 vertices totais
 907 arestas totais

Algoritmo Genético:
 Tamanho população = 50
 Tipo seleção pais = Torneio
 Tipo cruzamento = Uniforme
 Tipo mutação = Mutação Estática
 Taxa mutação = 0.1
 Seleção nova população = Substituição sem eletismo
 Busca local = Não

Execução:
[Gera. 0] (Fit. 38122496183.039820)
[Gera. 1] (Fit. 34700332984.207810)
[Gera. 3] (Fit. 32807651696.503536)
[Gera. 4] (Fit. 28806648119.443990)
[Gera. 5] (Fit. 28030334012.990585)
[Gera. 6] (Fit. 27047213082.444145)
[Gera. 7] (Fit. 26447033744.336887)
[Gera. 8] (Fit. 26416764467.628090)
[Gera. 9] (Fit. 25261817881.886864)
[Gera. 12] (Fit. 24101407095.801220)
[Gera. 13] (Fit. 23895630274.861290)
[Gera. 14] (Fit. 22794779247.262283)
[Gera. 15] (Fit. 21403084194.968136)
[Gera. 16] (Fit. 21307099398.453280)
[Gera. 17] (Fit. 20391192320.113940)
[Gera. 21] (Fit. 19787928711.134518)
[Gera. 25] (Fit. 19521143966.669777)
[Gera. 26] (Fit. 19067101586.535873)
[Gera. 27] (Fit. 18668259454.671703)
[Gera. 28] (Fit. 18198943619.387753)
[Gera. 31] (Fit. 18144616766.295414)
[Gera. 32] (Fit. 17598370464.669895)
[Gera. 34] (Fit. 16750763358.757330)
[Gera. 476] (Fit. 16600806911.146477)
[Gera. 480] (Fit. 16600806911.146475)
[Gera. 487] (Fit. 16600806911.146473)
[Gera. 494] (Fit. 16600806911.146471)
[Gera. 523] (Fit. 16600806911.146470)
[Gera. 537] (Fit. 16600806911.146467)
[Gera. 568] (Fit. 16600806911.146465)
[Gera. 686] (Fit. 16600806911.146463)
[Gera. 759] (Fit. 16600256473.504830)
[Gera. 765] (Fit. 16600256473.504827)
[Gera. 804] (Fit. 16600256473.504826)
[Gera. 860] (Fit. 16600256473.504824)
[Gera. 911] (Fit. 16600256473.504822)
[Gera. 941] (Fit. 16600256473.504820)
[Gera. 966] (Fit. 16600256473.504818)
[Gera. 1054] (Fit. 16600256473.504816)
[Gera. 1109] (Fit. 16600256473.504814)
[Gera. 1472] (Fit. 16600256473.504812)
[Gera. 1496] (Fit. 16600256473.504810)
[Gera. 1560] (Fit. 16600256473.504808)
[Gera. 2015] (Fit. 16600256473.504807)
[Gera. 2320] (Fit. 16600256473.504805)
[Gera. 2904] (Fit. 16600256473.504803)
[Gera. 3438] (Fit. 16600256473.504800)
[Gera. 3698] (Fit. 16600256473.504799)
[Gera. 3969] (Fit. 16600256473.504797)

Resultado:
 Fit. 16600256473.504797 Arestas: [0, 1, 2, 3, 4, 5, 6, 7, 8, 9, 10, 11, 12, 13, 14, 15, 16, 17, 18, 19, 20, 21, 22, 23, 24, 25, 26, 27, 28, 29, 30, 31, 32, 33, 34, 35, 36, 37, 38, 39, 40, 41, 42, 43, 44, 45, 46, 47, 48, 49, 50, 51, 52, 53, 54, 55, 56, 57, 58, 59, 60, 61, 62, 63, 64, 65, 66, 67, 68, 69, 70, 71, 72, 73, 74, 75, 76, 77, 78, 79, 80, 81, 82, 84, 85, 86, 87, 88, 89, 90, 91, 92, 93, 94, 95, 96, 97, 98, 99, 100, 101, 102, 103, 104, 105, 106, 107, 108, 109, 110, 111, 112, 113, 114, 115, 116, 117, 118, 119, 120, 121, 122, 123, 124, 125, 126, 128, 129, 130, 131, 132, 133, 134, 135, 136, 137, 138, 139, 140, 141, 142, 143, 144, 145, 146, 147, 148, 149, 150, 151, 152, 153, 154, 156, 157, 158, 159, 160, 161, 162, 163, 164, 165, 166, 167, 168, 169, 170, 171, 172, 173, 174, 175, 176, 177, 178, 179, 180, 181, 182, 183, 184, 185, 186, 187, 188, 189, 190, 192, 193, 194, 195, 196, 197, 198, 199, 200, 201, 202, 203, 204, 205, 206, 207, 208, 209, 210, 211, 212, 213, 214, 215, 216, 217, 218, 219, 220, 221, 222, 223, 224, 225, 226, 227, 228, 229, 230, 231, 232, 233, 234, 235, 236, 237, 238, 239, 240, 241, 243, 244, 245, 246, 247, 248, 249, 250, 251, 252, 253, 254, 255, 256, 257, 258, 259, 260, 261, 262, 263, 264, 265, 266, 267, 268, 269, 270, 271, 272, 273, 274, 275, 276, 277, 279, 280, 281, 282, 283, 284, 285, 286, 288, 289, 290, 291, 292, 293, 294, 295, 296, 297, 298, 299, 300, 301, 302, 303, 305, 306, 307, 308, 309, 310, 311, 312, 313, 314, 315, 316, 317, 318, 319, 320, 321, 322, 323, 324, 325, 326, 327, 328, 329, 330, 331, 332, 333, 334, 335, 336, 337, 338, 339, 340, 341, 342, 344, 345, 346, 347, 348, 349, 350, 351, 352, 353, 354, 355, 356, 357, 358, 359, 360, 361, 362, 363, 364, 365, 366, 367, 368, 369, 370, 371, 372, 373, 374, 375, 376, 377, 378, 379, 380, 381, 382, 383, 384, 385, 386, 387, 388, 389, 390, 391, 392, 393, 394, 395, 396, 397, 398, 399, 400, 401, 402, 403, 404, 405, 406, 407, 408, 409, 410, 411, 412, 413, 415, 416, 417, 419, 420, 421, 422, 423, 424, 425, 426, 427, 428, 429, 430, 431, 432, 433, 434, 435, 436, 437, 438, 439, 440, 441, 442, 444, 445, 446, 447, 448, 449, 450, 452, 453, 454, 455, 456, 457, 458, 459, 460, 461, 462, 463, 464, 465, 466, 467, 468, 469, 470, 471, 472, 473, 474, 475, 476, 477, 478, 479, 480, 481, 482, 483, 484, 485, 486, 487, 489, 490, 491, 492, 493, 494, 495, 496, 497, 498, 499, 500, 501, 502, 503, 504, 505, 506, 507, 508, 509, 510, 511, 512, 513, 514, 515, 516, 517, 518, 519, 520, 521, 522, 523, 524, 525, 526, 527, 528, 529, 530, 531, 532, 533, 534, 535, 536, 537, 538, 539, 540, 541, 542, 543, 544, 545, 546, 547, 548, 549, 550, 551, 552, 553, 554, 555, 557, 558, 559, 560, 561, 562, 563, 564, 565, 566, 567, 568, 569, 570, 571, 572, 574, 575, 576, 577, 578, 579, 580, 581, 582, 583, 584, 585, 586, 587, 588, 589, 590, 591, 592, 593, 594, 595, 596, 597, 598, 599, 600, 601, 602, 603, 604, 605, 606, 607, 608, 609, 610, 611, 612, 613, 614, 616, 617, 618, 619, 620, 621, 622, 624, 625, 626, 627, 628, 629, 630, 631, 632, 633, 635, 636, 637, 638, 639, 640, 641, 642, 643, 644, 645, 646, 647, 648, 649, 650, 651, 652, 653, 654, 655, 656, 657, 658, 659, 660, 661, 662, 663, 664, 665, 666, 667, 668, 669, 670, 671, 672, 673, 674, 675, 676, 677, 678, 679, 680, 681, 682, 683, 684, 685, 686, 687, 688, 689, 690, 691, 692, 693, 694, 695, 696, 697, 698, 699, 700, 701, 702, 703, 704, 705, 706, 707, 708, 709, 710, 711, 712, 713, 714, 715, 716, 717, 718, 719, 720, 721, 722, 723, 724, 725, 726, 727, 728, 730, 731, 732, 733, 734, 735, 736, 737, 738, 739, 740, 741, 742, 743, 744, 745, 746, 747, 748, 749, 750, 751, 752, 753, 754, 755, 756, 757, 758, 759, 760, 761, 762, 763, 764, 765, 766, 767, 768, 769, 770, 771, 772, 773, 774, 775, 776, 777, 778, 779, 780, 781, 782, 783, 784, 785, 786, 787, 788, 789, 790, 791, 792, 793, 794, 795, 796, 797, 798, 799, 800, 801, 802, 803, 804, 805, 806, 807, 808, 809, 810, 811, 812, 813, 814, 815, 816, 818, 819, 820, 821, 822, 823, 824, 825, 826, 827, 828, 829, 830, 831, 832, 833, 834, 835, 836, 837, 838, 839, 840, 841, 842, 844, 845, 846, 847, 848, 849, 850, 851, 852, 853, 854, 855, 856, 857, 858, 859, 860, 861, 862, 863, 864, 865, 866, 867, 868, 869, 870, 871, 873, 874, 875, 876, 877, 880, 881, 882, 883, 884, 885, 886, 887, 888, 889, 890, 891, 893, 894, 895, 896, 897, 898]
